85.687200
86.511400
86.787500
88.496000
87.407500
92.056100
87.154300
90.052200
89.564200
87.683500
92.379800
88.124500
89.197400
91.626300
93.687800
93.629300
95.574800
90.783100
91.316400
91.473800
88.069700
88.213200
91.036500
93.087700
92.040900
91.933800
91.782200
92.201900
93.641400
91.630900
93.041700
92.533800
92.947400
93.125800
94.057800
93.393800
93.729100
94.888200
93.576300
93.807800
93.113200
93.472700
93.277500
93.042400
94.292400
93.304800
93.290200
95.061200
91.890700
92.074700
